% Dados multi-classe

% X_A - Classe A
X_A =[  -0.349326058546699   1.562025110592146
  -0.523065994364706   1.356033722197653
  -0.570167287611480   1.258768975948342
  -0.201602886152269   1.530178763778032
   0.260292438818278   1.114482817386502
   0.335019218798270   1.512711814936582
   0.268010342525323   1.547473639132210
   0.049826823105024   0.789452895051545
   0.039415926132079   0.734807131315957
   0.063470501854769   1.303456027295187
   0.348724673105741   1.585450750210067
  -0.384419111807094   1.070758780590612
  -0.332012141836813   0.642825386413757
  -0.528067851312490   1.366269456020682
   0.363622990978706   1.290747339600114
   0.011609379114401   0.990536659113381
  -0.281165224258399   1.349629718600600
   0.056075889084524   0.626680520282444
   0.067467843586331   1.019504387033872
  -0.467952844532185   1.210232878294882
  -0.283458052428187   0.783985502079122
  -0.479487160537153   0.844333443811319
  -0.140707147932009   1.112190136831342
  -0.265035293281560   0.979629724370143
   0.151825816813775   1.036777488997568
   0.336503189120676   1.519257582127702
   0.209099551201379   1.562182820291343
  -0.063842958427892   1.006660636610659
  -0.408602297589463   1.345319515348095
   0.221184413889975   1.185094455436382
   0.046444248802236   1.282512519267626
   0.188489619171475   1.587911330996040
  -0.454970585021642   1.425740050443327
  -0.090622458742290   0.813027800998198
  -0.491664081668325   0.958251376710018
   0.201779400464976   0.730888365270052
  -0.093616385149591   1.440755093768590
   0.189414790826577   1.170860968702874
   0.094389422281827   1.060300989197707
   0.003020290659284   0.878725445865991];

% X_B - Classe B
X_B =[    1.138568669715230   1.139319045627173
   1.323631903866135   0.935199855889752
   0.681408278123200   1.303977939069261
   0.828930416623564   1.357221937066513
   1.233512192235101   1.229096276885409
   1.039414895344253   0.821125613069686
   0.846146050862105   1.058178862211378
   1.576676839392948   1.212137186626036
   0.607639677267354   0.789695623791635
   1.000055832415845   0.814349066007114
   1.338375413109723   1.164752381557949
   1.475568135117911   1.393276844449936
   1.273646926727913   1.203924670072237
   1.583897516030770   0.761929904093002
   0.965551929159813   1.155898091083345
   1.431273388970305   1.579216837780185
   0.811848423914913   1.297392571576588
   1.136460737947589   0.676950487716566
   0.895622685130510   0.906847052325889
   1.130468988479334   0.778408441216875
   1.192289372157440   1.110671532019354
   1.207477850097920   1.456438649285789
   1.480226595737145   0.764378546254886
   1.568394554205423   1.310226905862907
   1.407272530536760   1.383606837868507
   1.429420731323501   0.680124056004046
   0.674231354088630   1.245009259993680
   1.206368167608217   1.270632713786621
   0.829792991294429   0.924020611738796
   0.730804685471023   1.414421493939320
   1.034348711480549   1.582048638156638
   0.698793853585978   0.891461498612287
   1.028297219531749   1.193407176711320
   0.991368670105640   0.994418987163538
   1.333238465494122   1.599917257577142
   1.138889559702431   1.209348099031182
   0.716829918751880   0.913500417076750
   1.160444462839721   0.601509808935928
   0.990086947190616   0.975358786143064
   0.791321432679576   1.255118706475533];

% X_C - Classe C
X_C =[ 1.180099734282168  -0.009169381209262
   1.336234080389251  -0.509789984072461
   1.486189102142206  -0.440262305848423
   0.780239704055823   0.111425605561317
   0.888706066221328   0.330152669050802
   0.882854981852162  -0.524091263173191
   1.543679989289343   0.198139848186700
   1.029579985993719  -0.263571526139775
   1.550824596430559  -0.246639831199609
   1.108992208404929   0.324357028177174
   1.232046661634020   0.068572573768242
   1.408242082972192   0.099247322836540
   0.724688513635047  -0.350245086266773
   1.239848664235253   0.030835114340687
   1.536499801900471  -0.154233276077655
   1.352170541208317  -0.598671037144340
   1.330286088180861  -0.264121284924504
   1.518284055738842  -0.486435726138966
   1.200124802719860   0.074750782397925
   0.897559312683325  -0.063600238069706
   0.679368268642280  -0.329201237544977
   1.542491070806277  -0.285199418424256
   1.047427041105659   0.253374543531507
   1.506279862814713   0.065953134031013
   1.445654326884846   0.074323659238556
   1.512271953612693  -0.242259177585253
   1.154724368525075  -0.049997675349003
   0.852461800934962   0.289070409298442
   0.725488313904725   0.006369078907356
   0.682091796715787  -0.354890804064875
   1.316827402225150  -0.049743918352641
   1.318149198087933  -0.446035752839425
   1.533572263891609   0.077102027776233
   1.149039226281009  -0.546219164853086
   1.302276104922535   0.294496314178452
   0.754495433044851   0.199552397243470
   1.204743184803400  -0.522859528997382
   1.518706990740591  -0.100103858998094
   1.308393377116133   0.154441819039379
   1.567489190850169   0.303652594845580];

X_teste=[   -0.5    1.0   
            0.4     1.2 
            -0.5    0.5 
            1.0     1.0   
            1.0     1.5 
            0.55    0.55 
            1.0     0.0    
            0.5     0.0   
            1.5     0.0  
            0       -0.5  ];

